Its a Ray
0.0265437 0.0899404 0.0110679 0.111009 0.133767 -0.0590008
Original Points
0.0418428 0.0986036 -0.00180869 
0.0414602 0.0985756 -0.00280597 
0.0422051 0.0972089 -0.00180239 
0.0417584 0.0971928 -0.00282344 
0.0422452 0.0986357 -0.000817871 
0.0425362 0.0972508 -0.000830625 
Its a Ray
-0.0145031 0.0660553 0.0146833 0.0703031 0.10528 -0.111874
Original Points
0.0162407 0.0793143 -0.0294472 
0.0152238 0.0793568 -0.0300519 
0.0162329 0.0807169 -0.0293214 
0.0152428 0.0807565 -0.0298514 
0.0152687 0.0779357 -0.0299953 
0.0142201 0.0793919 -0.0305544 
0.0142259 0.080787 -0.0303234 
Its a Ray
-0.0145031 0.0660553 0.0146833 -0.0596566 -0.0170126 0.00840234
Original Points
-0.0321289 0.0337822 0.0109163 
-0.0310017 0.0339922 0.010953 
-0.0338438 0.0337316 0.012415 
-0.0328471 0.033696 0.0126517 
-0.0317622 0.0338243 0.0127586 
-0.0305886 0.0341169 0.0127308 
-0.0331266 0.0338175 0.0106794 
Its a Ray
-0.0145031 0.0660553 0.0146833 -0.14469 0.0849307 0.0982841
Original Points
-0.0551627 0.0709645 0.0393255 
-0.0517406 0.0704199 0.0388209 
-0.054081 0.071101 0.0394438 
-0.0496681 0.0705507 0.0391462 
-0.0530022 0.0712206 0.0395879 
-0.05065 0.0706021 0.0388719 
-0.0518826 0.071407 0.0396894 
-0.0507764 0.0715485 0.0397729 
-0.0529002 0.0701503 0.0387731 
-0.0506105 0.0694238 0.0381651 
-0.0585008 0.0732388 0.0410714 
-0.0574944 0.0732758 0.0411576 
-0.0575351 0.0727864 0.0407731 
-0.0573916 0.0718042 0.0398933 
-0.0564238 0.0718073 0.0399857 
-0.0564978 0.0732565 0.0410435 
-0.0553906 0.073233 0.0409139 
-0.0544961 0.0732542 0.0409056 
-0.0534972 0.0732542 0.0410474 
-0.0551833 0.07213 0.0401196 
-0.0530638 0.0723343 0.0404003 
-0.054142 0.0722337 0.0402304 
-0.0520638 0.0723523 0.0405753 
Its a Ray
0.0265437 0.0899404 0.0110679 0.0622916 -0.0170126 -0.0151558
Original Points
0.0424267 0.0441756 -0.00158684 
0.0417308 0.0422749 0.000248643 
0.0410305 0.0422896 -0.000687891 
0.0414526 0.0425673 -0.000513932 
0.043508 0.0438731 -6.08517e-005 
Its a Ray
0.0265437 0.0899404 0.0110679 0.0208156 0.214157 0.1088
Original Points
0.0239184 0.116674 0.0330029 
0.02524 0.115374 0.03316 
0.0242791 0.118022 0.0317589 
0.0249862 0.118037 0.0310154 
0.0235113 0.118015 0.0324132 
0.0270163 0.115378 0.0322111 
0.0261701 0.115347 0.0327443 
0.0264007 0.116693 0.0313169 
0.0246987 0.1167 0.0323736 
0.0255211 0.116701 0.0317994 
0.026954 0.116596 0.0310646 
0.0262273 0.117277 0.0307934 
