500 0
499.89 3.141
499.57 6.2781
499.02 9.4075
498.27 12.525
497.29 15.628
496.1 18.712
494.7 21.772
493.09 24.806
491.27 27.81
489.24 30.781
487.01 33.713
484.57 36.605
481.94 39.453
479.11 42.253
476.08 45.003
472.86 47.698
469.46 50.336
465.87 52.914
462.1 55.43
458.16 57.879
454.05 60.261
449.77 62.571
445.33 64.808
440.73 66.97
435.99 69.054
431.09 71.058
426.06 72.98
420.89 74.82
415.59 76.574
410.16 78.242
404.62 79.823
398.96 81.315
393.2 82.717
387.34 84.029
381.39 85.25
375.34 86.379
369.22 87.417
363.03 88.362
356.76 89.215
350.44 89.977
344.06 90.647
337.63 91.226
331.16 91.715
324.66 92.115
318.13 92.426
311.58 92.65
305.02 92.789
298.45 92.843
291.88 92.814
285.32 92.705
278.77 92.517
272.24 92.253
265.73 91.914
259.26 91.503
252.83 91.023
246.44 90.477
240.1 89.867
233.83 89.196
227.61 88.468
221.47 87.686
215.4 86.853
209.41 85.973
203.51 85.048
197.71 84.084
192 83.084
186.39 82.052
180.89 80.991
175.5 79.906
170.23 78.801
165.08 77.68
160.06 76.548
155.16 75.409
150.4 74.267
145.78 73.127
141.29 71.993
136.96 70.87
132.77 69.762
128.72 68.674
124.84 67.611
121.1 66.577
117.53 65.576
114.11 64.614
110.86 63.694
107.76 62.821
104.84 62.001
102.08 61.236
99.48 60.532
97.051 59.893
94.791 59.324
92.698 58.828
90.773 58.409
89.015 58.073
87.425 57.822
86.002 57.66
84.745 57.592
83.652 57.622
82.723 57.751
81.956 57.985
81.35 58.327
80.902 58.779
80.61 59.344
80.473 60.026
80.488 60.828
80.651 61.752
80.961 62.8
81.414 63.975
82.008 65.279
82.738 66.713
83.601 68.28
84.594 69.982
85.712 71.819
86.953 73.793
88.311 75.905
89.782 78.156
91.363 80.547
93.048 83.077
94.833 85.748
96.713 88.559
98.684 91.511
100.74 94.602
102.88 97.833
105.09 101.2
107.37 104.71
109.72 108.35
112.13 112.13
114.6 116.04
117.11 120.09
119.67 124.26
122.26 128.57
124.89 133
127.55 137.55
130.23 142.22
132.92 147.01
135.63 151.91
138.35 156.92
141.06 162.05
143.78 167.27
146.48 172.6
149.16 178.02
151.83 183.53
154.47 189.14
157.09 194.82
159.66 200.58
162.2 206.42
164.7 212.33
167.14 218.29
169.53 224.32
171.86 230.4
174.13 236.53
176.34 242.71
178.47 248.91
180.53 255.15
182.5 261.42
184.4 267.7
186.21 274
187.93 280.31
189.56 286.61
191.09 292.92
192.53 299.21
193.86 305.48
195.09 311.73
196.22 317.95
197.23 324.14
198.14 330.28
198.93 336.38
199.61 342.42
200.17 348.4
200.62 354.31
200.95 360.15
201.16 365.91
201.25 371.58
201.22 377.17
201.07 382.65
200.79 388.04
200.4 393.31
199.89 398.47
199.25 403.51
198.5 408.42
197.62 413.21
196.63 417.85
195.51 422.36
194.29 426.72
192.94 430.93
191.49 434.98
189.92 438.87
188.24 442.6
186.45 446.16
184.56 449.55
182.56 452.76
180.46 455.79
178.26 458.63
175.97 461.29
173.58 463.76
171.1 466.04
168.53 468.12
165.88 470.01
163.15 471.69
160.35 473.18
157.46 474.45
154.51 475.53
151.49 476.4
148.4 477.06
145.26 477.51
142.06 477.75
138.81 477.78
135.51 477.61
132.17 477.22
128.78 476.62
125.36 475.82
121.91 474.81
118.43 473.59
114.93 472.17
111.41 470.54
107.87 468.71
104.32 466.68
100.76 464.46
97.198 462.04
93.637 459.42
90.081 456.62
86.533 453.62
82.998 450.45
79.478 447.09
75.979 443.56
72.503 439.86
69.054 435.99
65.635 431.95
62.25 427.76
58.903 423.41
55.597 418.91
52.334 414.26
49.118 409.48
45.951 404.56
42.837 399.52
39.778 394.35
36.777 389.06
33.836 383.67
30.958 378.16
28.144 372.56
25.397 366.87
22.718 361.09
20.109 355.23
17.572 349.3
15.109 343.3
12.72 337.24
10.406 331.12
8.169 324.96
6.0093 318.77
3.9276 312.53
1.9244 306.28
1.837e-014 300
-1.8455 293.71
-3.612 287.42
-5.2998 281.13
-6.9091 274.85
-8.4405 268.58
-9.8946 262.34
-11.272 256.12
-12.574 249.95
-13.802 243.81
-14.956 237.73
-16.039 231.7
-17.052 225.73
-17.996 219.84
-18.874 214.01
-19.688 208.27
-20.439 202.62
-21.129 197.06
-21.763 191.6
-22.341 186.25
-22.866 181
-23.342 175.88
-23.771 170.87
-24.156 165.99
-24.5 161.24
-24.807 156.63
-25.08 152.15
-25.321 147.82
-25.535 143.65
-25.726 139.62
-25.895 135.75
-26.049 132.04
-26.189 128.49
-26.32 125.11
-26.445 121.9
-26.57 118.87
-26.696 116
-26.829 113.32
-26.971 110.81
-27.128 108.48
-27.303 106.34
-27.5 104.38
-27.723 102.6
-27.976 101.01
-28.262 99.611
-28.586 98.394
-28.951 97.364
-29.362 96.52
-29.821 95.863
-30.333 95.392
-30.902 95.106
-31.53 95.003
-32.221 95.084
-32.979 95.345
-33.807 95.786
-34.708 96.405
-35.685 97.199
-36.742 98.166
-37.881 99.304
-39.104 100.61
-40.416 102.08
-41.818 103.71
-43.312 105.5
-44.901 107.44
-46.587 109.54
-48.372 111.78
-50.258 114.17
-52.246 116.69
-54.339 119.35
-56.537 122.13
-58.841 125.04
-61.253 128.08
-63.774 131.22
-66.404 134.48
-69.144 137.84
-71.993 141.29
-74.953 144.85
-78.023 148.49
-81.204 152.21
-84.494 156.01
-87.893 159.88
-91.4 163.81
-95.015 167.8
-98.736 171.85
-102.56 175.94
-106.49 180.07
-110.52 184.23
-114.66 188.43
-118.89 192.64
-123.21 196.88
-127.63 201.12
-132.14 205.36
-136.74 209.6
-141.43 213.83
-146.19 218.05
-151.04 222.25
-155.96 226.42
-160.96 230.55
-166.02 234.65
-171.15 238.7
-176.34 242.71
-181.58 246.65
-186.88 250.54
-192.23 254.35
-197.62 258.1
-203.05 261.77
-208.51 265.35
-214.01 268.85
-219.53 272.26
-225.07 275.57
-230.62 278.77
-236.19 281.88
-241.76 284.87
-247.32 287.74
-252.89 290.5
-258.44 293.14
-263.97 295.65
-269.49 298.04
-274.97 300.29
-280.42 302.41
-285.84 304.39
-291.21 306.22
-296.53 307.92
-301.79 309.47
-306.99 310.88
-312.13 312.13
-317.2 313.24
-322.19 314.19
-327.09 314.99
-331.91 315.64
-336.64 316.13
-341.27 316.46
-345.79 316.64
-350.21 316.66
-354.52 316.53
-358.7 316.24
-362.77 315.8
-366.71 315.19
-370.51 314.44
-374.18 313.53
-377.71 312.47
-381.1 311.26
-384.34 309.9
-387.43 308.39
-390.36 306.74
-393.13 304.94
-395.74 303.01
-398.19 300.93
-400.47 298.72
-402.57 296.37
-404.51 293.89
-406.27 291.29
-407.85 288.56
-409.25 285.71
-410.47 282.74
-411.5 279.66
-412.36 276.47
-413.02 273.17
-413.5 269.76
-413.79 266.26
-413.9 262.67
-413.82 258.98
-413.55 255.21
-413.09 251.36
-412.44 247.43
-411.61 243.42
-410.59 239.35
-409.39 235.22
-408 231.02
-406.43 226.77
-404.68 222.48
-402.75 218.13
-400.65 213.75
-398.37 209.33
-395.93 204.88
-393.31 200.4
-390.53 195.9
-387.58 191.39
-384.48 186.86
-381.23 182.33
-377.82 177.79
-374.26 173.25
-370.56 168.72
-366.73 164.2
-362.76 159.69
-358.66 155.2
-354.43 150.74
-350.09 146.3
-345.63 141.89
-341.07 137.52
-336.4 133.19
-331.63 128.9
-326.77 124.65
-321.83 120.45
-316.8 116.31
-311.7 112.22
-306.53 108.19
-301.31 104.22
-296.02 100.31
-290.69 96.475
-285.32 92.705
-279.91 89.007
-274.47 85.382
-269.01 81.833
-263.53 78.361
-258.04 74.969
-252.56 71.656
-247.07 68.426
-241.6 65.279
-236.14 62.215
-230.71 59.237
-225.31 56.344
-219.95 53.537
-214.64 50.817
-209.37 48.183
-204.16 45.636
-199.02 43.175
-193.95 40.8
-188.95 38.511
-184.04 36.307
-179.21 34.186
-174.48 32.149
-169.85 30.194
-165.33 28.32
-160.92 26.525
-156.63 24.807
-152.46 23.166
-148.41 21.598
-144.51 20.103
-140.73 18.678
-137.11 17.321
-133.63 16.029
-130.3 14.799
-127.12 13.63
-124.11 12.519
-121.26 11.462
-118.57 10.457
-116.06 9.5012
-113.72 8.5906
-111.56 7.7226
-109.57 6.8937
-107.77 6.1007
-106.15 5.3401
-104.72 4.6086
-103.47 3.9025
-102.41 3.2184
-101.54 2.5526
-100.87 1.9016
-100.39 1.2616
-100.1 0.62893
-100 1.2246e-014
-100.1 -0.62893
-100.39 -1.2616
-100.87 -1.9016
-101.54 -2.5526
-102.41 -3.2184
-103.47 -3.9025
-104.72 -4.6086
-106.15 -5.3401
-107.77 -6.1007
-109.57 -6.8937
-111.56 -7.7226
-113.72 -8.5906
-116.06 -9.5012
-118.57 -10.457
-121.26 -11.462
-124.11 -12.519
-127.12 -13.63
-130.3 -14.799
-133.63 -16.029
-137.11 -17.321
-140.73 -18.678
-144.51 -20.103
-148.41 -21.598
-152.46 -23.166
-156.63 -24.807
-160.92 -26.525
-165.33 -28.32
-169.85 -30.194
-174.48 -32.149
-179.21 -34.186
-184.04 -36.307
-188.95 -38.511
-193.95 -40.8
-199.02 -43.175
-204.16 -45.636
-209.37 -48.183
-214.64 -50.817
-219.95 -53.537
-225.31 -56.344
-230.71 -59.237
-236.14 -62.215
-241.6 -65.279
-247.07 -68.426
-252.56 -71.656
-258.04 -74.969
-263.53 -78.361
-269.01 -81.833
-274.47 -85.382
-279.91 -89.007
-285.32 -92.705
-290.69 -96.475
-296.02 -100.31
-301.31 -104.22
-306.53 -108.19
-311.7 -112.22
-316.8 -116.31
-321.83 -120.45
-326.77 -124.65
-331.63 -128.9
-336.4 -133.19
-341.07 -137.52
-345.63 -141.89
-350.09 -146.3
-354.43 -150.74
-358.66 -155.2
-362.76 -159.69
-366.73 -164.2
-370.56 -168.72
-374.26 -173.25
-377.82 -177.79
-381.23 -182.33
-384.48 -186.86
-387.58 -191.39
-390.53 -195.9
-393.31 -200.4
-395.93 -204.88
-398.37 -209.33
-400.65 -213.75
-402.75 -218.13
-404.68 -222.48
-406.43 -226.77
-408 -231.02
-409.39 -235.22
-410.59 -239.35
-411.61 -243.42
-412.44 -247.43
-413.09 -251.36
-413.55 -255.21
-413.82 -258.98
-413.9 -262.67
-413.79 -266.26
-413.5 -269.76
-413.02 -273.17
-412.36 -276.47
-411.5 -279.66
-410.47 -282.74
-409.25 -285.71
-407.85 -288.56
-406.27 -291.29
-404.51 -293.89
-402.57 -296.37
-400.47 -298.72
-398.19 -300.93
-395.74 -303.01
-393.13 -304.94
-390.36 -306.74
-387.43 -308.39
-384.34 -309.9
-381.1 -311.26
-377.71 -312.47
-374.18 -313.53
-370.51 -314.44
-366.71 -315.19
-362.77 -315.8
-358.7 -316.24
-354.52 -316.53
-350.21 -316.66
-345.79 -316.64
-341.27 -316.46
-336.64 -316.13
-331.91 -315.64
-327.09 -314.99
-322.19 -314.19
-317.2 -313.24
-312.13 -312.13
-306.99 -310.88
-301.79 -309.47
-296.53 -307.92
-291.21 -306.22
-285.84 -304.39
-280.42 -302.41
-274.97 -300.29
-269.49 -298.04
-263.97 -295.65
-258.44 -293.14
-252.89 -290.5
-247.32 -287.74
-241.76 -284.87
-236.19 -281.88
-230.62 -278.77
-225.07 -275.57
-219.53 -272.26
-214.01 -268.85
-208.51 -265.35
-203.05 -261.77
-197.62 -258.1
-192.23 -254.35
-186.88 -250.54
-181.58 -246.65
-176.34 -242.71
-171.15 -238.7
-166.02 -234.65
-160.96 -230.55
-155.96 -226.42
-151.04 -222.25
-146.19 -218.05
-141.43 -213.83
-136.74 -209.6
-132.14 -205.36
-127.63 -201.12
-123.21 -196.88
-118.89 -192.64
-114.66 -188.43
-110.52 -184.23
-106.49 -180.07
-102.56 -175.94
-98.736 -171.85
-95.015 -167.8
-91.4 -163.81
-87.893 -159.88
-84.494 -156.01
-81.204 -152.21
-78.023 -148.49
-74.953 -144.85
-71.993 -141.29
-69.144 -137.84
-66.404 -134.48
-63.774 -131.22
-61.253 -128.08
-58.841 -125.04
-56.537 -122.13
-54.339 -119.35
-52.246 -116.69
-50.258 -114.17
-48.372 -111.78
-46.587 -109.54
-44.901 -107.44
-43.312 -105.5
-41.818 -103.71
-40.416 -102.08
-39.104 -100.61
-37.881 -99.304
-36.742 -98.166
-35.685 -97.199
-34.708 -96.405
-33.807 -95.786
-32.979 -95.345
-32.221 -95.084
-31.53 -95.003
-30.902 -95.106
-30.333 -95.392
-29.821 -95.863
-29.362 -96.52
-28.951 -97.364
-28.586 -98.394
-28.262 -99.611
-27.976 -101.01
-27.723 -102.6
-27.5 -104.38
-27.303 -106.34
-27.128 -108.48
-26.971 -110.81
-26.829 -113.32
-26.696 -116
-26.57 -118.87
-26.445 -121.9
-26.32 -125.11
-26.189 -128.49
-26.049 -132.04
-25.895 -135.75
-25.726 -139.62
-25.535 -143.65
-25.321 -147.82
-25.08 -152.15
-24.807 -156.63
-24.5 -161.24
-24.156 -165.99
-23.771 -170.87
-23.342 -175.88
-22.866 -181
-22.341 -186.25
-21.763 -191.6
-21.129 -197.06
-20.439 -202.62
-19.688 -208.27
-18.874 -214.01
-17.996 -219.84
-17.052 -225.73
-16.039 -231.7
-14.956 -237.73
-13.802 -243.81
-12.574 -249.95
-11.272 -256.12
-9.8946 -262.34
-8.4405 -268.58
-6.9091 -274.85
-5.2998 -281.13
-3.612 -287.42
-1.8455 -293.71
-5.5109e-014 -300
1.9244 -306.28
3.9276 -312.53
6.0093 -318.77
8.169 -324.96
10.406 -331.12
12.72 -337.24
15.109 -343.3
17.572 -349.3
20.109 -355.23
22.718 -361.09
25.397 -366.87
28.144 -372.56
30.958 -378.16
33.836 -383.67
36.777 -389.06
39.778 -394.35
42.837 -399.52
45.951 -404.56
49.118 -409.48
52.334 -414.26
55.597 -418.91
58.903 -423.41
62.25 -427.76
65.635 -431.95
69.054 -435.99
72.503 -439.86
75.979 -443.56
79.478 -447.09
82.998 -450.45
86.533 -453.62
90.081 -456.62
93.637 -459.42
97.198 -462.04
100.76 -464.46
104.32 -466.68
107.87 -468.71
111.41 -470.54
114.93 -472.17
118.43 -473.59
121.91 -474.81
125.36 -475.82
128.78 -476.62
132.17 -477.22
135.51 -477.61
138.81 -477.78
142.06 -477.75
145.26 -477.51
148.4 -477.06
151.49 -476.4
154.51 -475.53
157.46 -474.45
160.35 -473.18
163.15 -471.69
165.88 -470.01
168.53 -468.12
171.1 -466.04
173.58 -463.76
175.97 -461.29
178.26 -458.63
180.46 -455.79
182.56 -452.76
184.56 -449.55
186.45 -446.16
188.24 -442.6
189.92 -438.87
191.49 -434.98
192.94 -430.93
194.29 -426.72
195.51 -422.36
196.63 -417.85
197.62 -413.21
198.5 -408.42
199.25 -403.51
199.89 -398.47
200.4 -393.31
200.79 -388.04
201.07 -382.65
201.22 -377.17
201.25 -371.58
201.16 -365.91
200.95 -360.15
200.62 -354.31
200.17 -348.4
199.61 -342.42
198.93 -336.38
198.14 -330.28
197.23 -324.14
196.22 -317.95
195.09 -311.73
193.86 -305.48
192.53 -299.21
191.09 -292.92
189.56 -286.61
187.93 -280.31
186.21 -274
184.4 -267.7
182.5 -261.42
180.53 -255.15
178.47 -248.91
176.34 -242.71
174.13 -236.53
171.86 -230.4
169.53 -224.32
167.14 -218.29
164.7 -212.33
162.2 -206.42
159.66 -200.58
157.09 -194.82
154.47 -189.14
151.83 -183.53
149.16 -178.02
146.48 -172.6
143.78 -167.27
141.06 -162.05
138.35 -156.92
135.63 -151.91
132.92 -147.01
130.23 -142.22
127.55 -137.55
124.89 -133
122.26 -128.57
119.67 -124.26
117.11 -120.09
114.6 -116.04
112.13 -112.13
109.72 -108.35
107.37 -104.71
105.09 -101.2
102.88 -97.833
100.74 -94.602
98.684 -91.511
96.713 -88.559
94.833 -85.748
93.048 -83.077
91.363 -80.547
89.782 -78.156
88.311 -75.905
86.953 -73.793
85.712 -71.819
84.594 -69.982
83.601 -68.28
82.738 -66.713
82.008 -65.279
81.414 -63.975
80.961 -62.8
80.651 -61.752
80.488 -60.828
80.473 -60.026
80.61 -59.344
80.902 -58.779
81.35 -58.327
81.956 -57.985
82.723 -57.751
83.652 -57.622
84.745 -57.592
86.002 -57.66
87.425 -57.822
89.015 -58.073
90.773 -58.409
92.698 -58.828
94.791 -59.324
97.051 -59.893
99.48 -60.532
102.08 -61.236
104.84 -62.001
107.76 -62.821
110.86 -63.694
114.11 -64.614
117.53 -65.576
121.1 -66.577
124.84 -67.611
128.72 -68.674
132.77 -69.762
136.96 -70.87
141.29 -71.993
145.78 -73.127
150.4 -74.267
155.16 -75.409
160.06 -76.548
165.08 -77.68
170.23 -78.801
175.5 -79.906
180.89 -80.991
186.39 -82.052
192 -83.084
197.71 -84.084
203.51 -85.048
209.41 -85.973
215.4 -86.853
221.47 -87.686
227.61 -88.468
233.83 -89.196
240.1 -89.867
246.44 -90.477
252.83 -91.023
259.26 -91.503
265.73 -91.914
272.24 -92.253
278.77 -92.517
285.32 -92.705
291.88 -92.814
298.45 -92.843
305.02 -92.789
311.58 -92.65
318.13 -92.426
324.66 -92.115
331.16 -91.715
337.63 -91.226
344.06 -90.647
350.44 -89.977
356.76 -89.215
363.03 -88.362
369.22 -87.417
375.34 -86.379
381.39 -85.25
387.34 -84.029
393.2 -82.717
398.96 -81.315
404.62 -79.823
410.16 -78.242
415.59 -76.574
420.89 -74.82
426.06 -72.98
431.09 -71.058
435.99 -69.054
440.73 -66.97
445.33 -64.808
449.77 -62.571
454.05 -60.261
458.16 -57.879
462.1 -55.43
465.87 -52.914
469.46 -50.336
472.86 -47.698
476.08 -45.003
479.11 -42.253
481.94 -39.453
484.57 -36.605
487.01 -33.713
489.24 -30.781
491.27 -27.81
493.09 -24.806
494.7 -21.772
496.1 -18.712
497.29 -15.628
498.27 -12.525
499.02 -9.4075
499.57 -6.2781
499.89 -3.141
500 -1.2246e-013
