30 93
84 97
132 97
65 115
73 115
112 115
140 115
178 115
167 97
214 40
179 31
214.5 28.5
39 23
39 25
66.5 24.5
75 33
78 79
76 44
75 34
40 53
40 55
28.5 93.5
37.5 111.5
42.5 113.5
44.5 114.5
47 115
49 115
78 115
107 115
117 115
129 97
133 115
137 115
154 115
187 115
198 115
214 110
220 109
234 101
216.5 90.5
214 50
213 78
213 63
142 97
177 46
177 37
177.5 35.5
180.5 29.5
192.5 19.5
40.5 17.5
39.5 22.5
39 24
39 33
41.5 16.5
44 16
45 16
51 16
52 16
53 16
65 23
65.5 23.5
69.5 26.5
74.5 32.5
73.5 30.5
73.5 29.5
71.5 28.5
72.5 28.5
75.5 35.5
76 38
76.5 50.5
77 53
78 88
78 89
77 54
77 62
40.5 71.5
40.5 73.5
40 63
40 49
40 48
40 47
39.5 34.5
40 78
40 83
40 88
37.5 91.5
21 98
26 94
78.5 93.5
79 95
39 112
36 111
29 110
27 110
25 109
40.5 112.5
41 113
50 115
52 115
61 115
62 115
66 115
67 115
71 115
76 115
89 115
90 115
102 115
122 115
127 115
134 115
136 115
139 115
143 115
140 97
133 97
128 97
127 97
81.5 96.5
94 97
98 97
106 97
120 97
123 97
145 97
174 93
174 95
175 84
171.5 96.5
171 97
169 97
157 97
152 97
152 115
162 115
168 115
172 115
174 115
180 115
182 115
191 115
195 115
203.5 114.5
199 115
202 115
202.5 114.5
210.5 112.5
213.5 110.5
215.5 109.5
216.5 109.5
217 109
234.5 100.5
231.5 105.5
230.5 106.5
225 108
224 108
213 84
214 88
221 91
232 92
235 95
214 56
214 55
214 52
214 49
214 48
213.5 59.5
176 65
213 68
213 79
175 80
175 78
175 76
175 75
175 74
175 73
175 72
175 68
176 53
176 52
179.5 29.5
178.5 31.5
179.5 30.5
178.5 32.5
181.5 27.5
183.5 26.5
193.5 18.5
197 16
199.5 15.5
203 15
208 15
209 15
209.5 15.5
211 16
214 46
214 32
214 27
214 22
212.5 16.5
40.5 18.5
40 19
40 20
40 21
39.5 21.5
39 26
39 27
39 28
39 29
39 30
39 31
39 32
39 34
40 46
40 45
40 39
40 37
39.5 35.5
40 41
40 42
40 43
40 44
40 40
40 38
40 36
41.5 17.5
56.5 16.5
48 16
47 16
46 16
43 16
42.5 16.5
49 16
50 16
54 16
55 16
55.5 16.5
57 17
57.5 17.5
58.5 17.5
59.5 18.5
61.5 19.5
61.5 20.5
60 19
60.5 19.5
58.5 18.5
62.5 20.5
62.5 21.5
63.5 21.5
63.5 22.5
64.5 22.5
68.5 26.5
67.5 25.5
68.5 25.5
67.5 24.5
66.5 23.5
76 36
76 37
76 39
76 40
76 41
76 42
76 43
76 45
76 46
76 49
76 48
76 47
75.5 34.5
74 31
70.5 27.5
70 27
71.5 27.5
72.5 29.5
74.5 31.5
76.5 49.5
77 51
77 52
77 55
77 60
77 59
77 58
77 57
77 56
77 61
77 63
77 64
77 65
77.5 67.5
78 68
78 69
77 66
77.5 66.5
78 70
78 71
78 72
78 73
78 74
78 77
78 80
78 90
78 91
78 86
78 85
78 82
78 81
78 75
78 76
78 78
78 83
78 84
78 87
40 89
40 87
40 85
40 81
40 80
40 77
40 76
40 75
40.5 74.5
41 73
41 72
40.5 70.5
40 70
40 65
40 52
40 54
40 57
40 61
40 64
40 58
40 56
40 51
40 50
40 59
40 60
40 62
40 66
40 67
40 68
40 69
40 79
40 82
40 84
40 86
39.5 89.5
39.5 90.5
38.5 90.5
38.5 91.5
25.5 94.5
23.5 95.5
24 95
24.5 94.5
27 94
27.5 93.5
29 93
31 93
32 93
33 93
36.5 92.5
37 92
78 92
78.5 94.5
78 93
35.5 92.5
35 93
34 93
22.5 96.5
21.5 96.5
22.5 95.5
79.5 95.5
23.5 108.5
22.5 107.5
23.5 107.5
21.5 101.5
22 102
22.5 106.5
22 106
22 105
22 104
22 103
21.5 97.5
21 99
21 100
21.5 100.5
24.5 108.5
25.5 109.5
26.5 109.5
30 110
34 111
33 111
31.5 110.5
31 110
28 110
32.5 110.5
35 111
37 111
38.5 111.5
39.5 112.5
45.5 114.5
46 115
43 114
44 114
41.5 113.5
48 115
51 115
53 115
54 115
55 115
56 115
57 115
58 115
59 115
69 115
68 115
64 115
63 115
60 115
70 115
72 115
74 115
75 115
77 115
79 115
80 115
81 115
82 115
87 115
86 115
85 115
84 115
83 115
88 115
91 115
92 115
93 115
94 115
95 115
96 115
97 115
98 115
99 115
100 115
101 115
103 115
104 115
105 115
106 115
108 115
109 115
118 115
116 115
115 115
111 115
110 115
113 115
114 115
119 115
120 115
121 115
121 97
113 97
112 97
108 97
103 97
100 97
99 97
96 97
93 97
92 97
91 97
90 97
89 97
88 97
82 97
83 97
85 97
86 97
87 97
102 97
101 97
97 97
95 97
80 96
80.5 96.5
104 97
105 97
107 97
109 97
110 97
111 97
114 97
115 97
116 97
117 97
118 97
119 97
122 97
124 97
125 97
126 97
130 97
131 97
134 97
135 97
136 97
141 97
143 97
147 97
172.5 96.5
173 96
165 97
164 97
162 97
151 97
148 97
163 97
166 97
168 97
170 97
161 97
160 97
159 97
158 97
156 97
155 97
154 97
153 97
150 97
149 97
146 97
144 97
139 97
138 97
137 97
124 115
125 115
126 115
128 115
135 115
132 115
131 115
130 115
129 115
123 115
138 115
141 115
142 115
144 115
145 115
146 115
147 115
148 115
149 115
150 115
151 115
153 115
155 115
156 115
157 115
158 115
159 115
160 115
166 115
165 115
164 115
163 115
161 115
167 115
169 115
170 115
171 115
173 115
183 115
190 115
192 115
193 115
181 115
179 115
177 115
176 115
175 115
184 115
185 115
186 115
188 115
189 115
194 115
196 115
197 115
200 115
204 114
205 114
206 114
201 115
207 114
208 114
208.5 113.5
209.5 113.5
209.5 112.5
215 110
212.5 110.5
211.5 111.5
212.5 111.5
211 112
218 109
219 109
221 109
221.5 108.5
222.5 108.5
234.5 99.5
235 99
235 98
235 97
235 96
234 102
234 103
233.5 103.5
232.5 104.5
230 107
227.5 107.5
227 108
226 108
223 108
228.5 107.5
229 107
231.5 106.5
232.5 105.5
233.5 104.5
173.5 95.5
174 94
174 92
174 91
217.5 90.5
219 91
222 91
224 91
226 91
227 91
229 91
230 91
230.5 91.5
231.5 91.5
234.5 93.5
234.5 94.5
233.5 92.5
233.5 93.5
232.5 92.5
228 91
225 91
220 91
218 91
214.5 88.5
215.5 89.5
214.5 89.5
216 90
223 91
214 87
213.5 86.5
213.5 58.5
214 58
214 47
214 51
214 53
214 54
214 57
213 64
213 62
213 61
213 60
213 67
213 69
213 70
213 71
213 72
213 73
213 75
213 76
213 77
213 80
213 81
213 82
213 83
213 85
213.5 85.5
175 88
213 74
175.5 66.5
176 66
175 70
175 85
175 86
175 89
174.5 89.5
175 87
175 83
175 82
175 81
174.5 90.5
175 79
175 77
175 71
175 69
175.5 67.5
176 63
176 61
176 59
176 58
176 57
176 56
176 55
176 54
176.5 50.5
176.5 49.5
176 51
176 60
176 62
176 64
213 66
213 65
177 49
177 48
177 47
182.5 26.5
182.5 27.5
183.5 25.5
184.5 25.5
181.5 28.5
180.5 28.5
178 33
178 34
178 35
177 45
177 44
177 43
177 42
177 41
177 40
177 39
177 38
177.5 36.5
186.5 23.5
185.5 24.5
186.5 24.5
185 25
187.5 23.5
187.5 22.5
188.5 22.5
189 22
189.5 21.5
192.5 18.5
191.5 20.5
191.5 19.5
190.5 21.5
190.5 20.5
194 18
194.5 17.5
195.5 17.5
195.5 16.5
196.5 16.5
200.5 15.5
202 15
204 15
206 15
211.5 16.5
207 15
205 15
201 15
198 16
199 16
210.5 15.5
212.5 17.5
213.5 17.5
214 20
214 42
214 37
214 35
214 28
214 23
214 41
214 43
214 44
214 45
214 39
214 38
214 36
214 34
214 33
224.5 61.5
214 31
214 30
214 26
214 25
214 24
214 21
214 19
213.5 18.5
